-3.840000000000000000e+02 -1.919999999999999929e+00 1.100578352916317272e+03 1.474596864000000060e+05
-3.200000000000000000e+01 1.599999999999999645e+00 8.176824066391130827e+02 1.026559999999999945e+03
-4.160000000000000000e+02 9.599999999999999645e-01 1.253046050510809664e+03 1.730569216000000015e+05
-4.480000000000000000e+02 0.000000000000000000e+00 1.167085154744201191e+03 2.007040000000000000e+05
-4.800000000000000000e+02 3.200000000000000178e+00 8.742752708740709977e+02 2.304102399999999907e+05
0.000000000000000000e+00 -3.520000000000000018e+00 8.413229239655902347e+02 1.239039999999999964e+01
3.200000000000000000e+01 3.840000000000000746e+00 8.531700054378035247e+02 1.038745599999999968e+03
9.600000000000000000e+01 -1.600000000000000089e+00 8.744911198585011789e+02 9.218559999999999491e+03
6.400000000000000000e+01 -1.280000000000000249e+00 7.758052413853209828e+02 4.097638399999999820e+03
1.280000000000000000e+02 -3.200000000000000178e+00 9.626670431437593152e+02 1.639424000000000160e+04
2.560000000000000000e+02 -4.160000000000000142e+00 9.153801837075358208e+02 6.555330560000000696e+04
-2.880000000000000000e+02 2.879999999999999893e+00 5.606786577507984930e+02 8.295229439999999886e+04
1.600000000000000000e+02 -4.799999999999999822e+00 8.286488241267651347e+02 2.562304000000000087e+04
1.920000000000000000e+02 -3.200000000000002842e-01 6.536550527847064131e+02 3.686410240000000340e+04
2.240000000000000000e+02 -3.839999999999999858e+00 6.902582028900238811e+02 5.019074560000000201e+04
-1.600000000000000000e+02 6.399999999999996803e-01 8.507299706566516306e+02 2.560040959999999905e+04
-3.520000000000000000e+02 -2.240000000000000213e+00 8.093011455100145213e+02 1.239090176000000065e+05
-1.920000000000000000e+02 4.159999999999999254e+00 1.018736852843548377e+03 3.688130559999999969e+04
2.880000000000000000e+02 1.280000000000000249e+00 1.111237420467383572e+03 8.294563839999999618e+04
-2.240000000000000000e+02 4.479999999999999538e+00 9.853976518032819740e+02 5.019607039999999688e+04
-2.560000000000000000e+02 -9.599999999999999645e-01 7.650596932504964798e+02 6.553692160000000149e+04
3.200000000000000000e+02 -2.560000000000000053e+00 1.102851597333886957e+03 1.024065535999999993e+05
3.520000000000000000e+02 -4.480000000000000426e+00 8.726933501057668536e+02 1.239240703999999969e+05
4.160000000000000000e+02 2.240000000000000213e+00 4.198544816016544701e+02 1.730610175999999919e+05
3.840000000000000000e+02 2.559999999999999609e+00 5.746814692553264194e+02 1.474625536000000138e+05
4.480000000000000000e+02 -6.399999999999996803e-01 5.093055011539746033e+02 2.007044096000000136e+05
4.800000000000000000e+02 3.200000000000002842e-01 7.983605367801779948e+02 2.304001024000000034e+05
-9.600000000000000000e+01 3.520000000000000462e+00 7.996090073606876558e+02 9.228390400000000227e+03
-3.200000000000000000e+02 4.799999999999999822e+00 5.717325044083069088e+02 1.024230399999999936e+05
-6.400000000000000000e+01 1.919999999999999929e+00 8.993975191884665037e+02 4.099686399999999594e+03
-1.280000000000000000e+02 5.120000000000000107e+00 7.124462949112177057e+02 1.641021440000000075e+04
5.120000000000000000e+02 -2.879999999999999893e+00 1.145052331226289425e+03 2.621522944000000134e+05
-3.674829576798693154e+00 -1.280000000000000249e+00 8.425809819548511541e+02 1.514277241851446298e+01
3.893548653871499141e+02 4.397045832123446019e+00 5.334479506359433572e+02 1.516165452126954333e+05
1.919945881331996702e+02 -2.210116816308208554e-01 6.535992435661780746e+02 3.686197071860039432e+04
4.739508670935060763e+01 -4.368445642075537094e+00 8.149492186360855612e+02 2.265377561514631452e+03
-1.116291035303006538e+02 4.915973646831517385e+00 7.325795096025020712e+02 1.248522355187492212e+04
-2.736603024844735046e+02 2.078819401791880850e+00 6.330926059971592395e+02 7.489428264599879913e+04
-9.963347711514436433e-02 -3.532683485456873829e+00 8.413623441002187064e+02 1.248977943818178105e+01
-2.068436958633960288e+01 -1.003294882090138174e+00 8.184053703640873891e+02 4.288497458047190207e+02
